11101 11101
11102 11102
11103 11103
11104 11104
11105 11105
11106 11106
11107 11107
11108 11108
11109 11109
11110 11110
11111 11111
11112 11112
11113 11113
11114 11114
11115 11115
11116 11116
11117 11117
11118 11118
11119 11119
11120 11120
11121 11121
11122 11122
11123 11123
11124 11124
11125 11125
11126 11126
11127 11127
11128 11128
11129 11129
11130 11130
11131 11131
11132 11132
11133 11133
11134 11134
11135 11135
11136 11136
11137 11137
11138 11138
11139 11139
11140 11140
11141 11141
11142 11142
11143 11143
11144 11144
11145 11145
11146 11146
11147 11147
11148 11148
11149 11149
11150 11150
11151 11151
11152 11152
11153 11153
11154 11154
11155 11155
11156 11156
11157 11157
11158 11158
11159 11159
11160 11160
11161 11161
11162 11162
11163 11163
11164 11164
11165 11165
11166 11166
11167 11167
11168 11168
11169 11169
11170 11170
11171 11171
11172 11172
11173 11173
11174 11174
11175 11175
11176 11176
11177 11177
11178 11178
11179 11179
11180 11180
11181 11181
11182 11182
11183 11183
11184 11184
11185 11185
11186 11186
11187 11187
11188 11188
11189 11189
11190 11190
11191 11191
11192 11192
11193 11193
11194 11194
11195 11195
11196 11196
11197 11197
11198 11198
11199 11199
11101 11101
11102 11102
11103 11103
11104 11104
11105 11105
11106 11106
11107 11107
11108 11108
11109 11109
11110 11110
11111 11111
11112 11112
11113 11113
11114 11114
11115 11115
11116 11116
11117 11117
11118 11118
11119 11119
11120 11120
11121 11121
11122 11122
11123 11123
11124 11124
11125 11125
11126 11126
11127 11127
11128 11128
11129 11129
11130 11130
11131 11131
11132 11132
11133 11133
11134 11134
11135 11135
11136 11136
11137 11137
11138 11138
11139 11139
11140 11140
11141 11141
11142 11142
11143 11143
11144 11144
11145 11145
11146 11146
11147 11147
11148 11148
11149 11149
11150 11150
11151 11151
11152 11152
11153 11153
11154 11154
11155 11155
11156 11156
11157 11157
11158 11158
11159 11159
11160 11160
11161 11161
11162 11162
11163 11163
11164 11164
11165 11165
11166 11166
11167 11167
11168 11168
11169 11169
11170 11170
11171 11171
11172 11172
11173 11173
11174 11174
11175 11175
11176 11176
11177 11177
11178 11178
11179 11179
11180 11180
11181 11181
11182 11182
11183 11183
11184 11184
11185 11185
11186 11186
11187 11187
11188 11188
11189 11189
11190 11190
11191 11191
11192 11192
11193 11193
11194 11194
11195 11195
11196 11196
11197 11197
11198 11198
11199 11199
